-3.585366 -24.195122 -36.878049 
10.703448 59.503448 -21.227586 
48.149068 36.124224 15.465839 
20.800000 -57.160000 1.460000 
37.075269 -4.774194 10.150538 
-25.748837 -3.851163 -6.632558 
-30.176871 -37.197279 -33.809524 
69.738095 -29.261905 -0.785714 
16.959350 -64.146341 25.967480 
-1.972603 26.100457 41.835616 
-21.955556 -25.244444 -13.200000 
-32.252252 20.144144 -39.405405 
-13.541899 46.793296 43.407821 
-20.828402 10.201183 -24.153846 
61.818182 -26.601399 -25.104895 
-48.834532 -65.582734 -31.007194 
13.950617 -42.444444 75.555556 
-13.803468 -63.468208 65.144509 
62.105263 -5.871345 -17.391813 
33.761905 15.333333 57.500000 
13.897059 -34.029412 49.294118 
-23.859649 3.754386 -46.070175 
-45.937107 38.289308 11.937107 
-10.422857 -89.394286 34.160000 
18.342541 -97.745856 -8.674033 
48.836601 -67.163399 -33.450980 
13.706161 14.691943 2.909953 
-62.817734 -24.827586 13.921182 
-15.236842 -6.500000 19.684211 
13.862069 8.666667 68.068966 
-59.068493 -4.054795 -18.794521 
2.007168 -78.953405 7.806452 
-31.920530 57.615894 -12.437086 
49.311111 36.955556 -10.844444 
0.598639 -41.768707 -59.823129 
10.878505 38.429907 -28.018692 
61.811765 -44.258824 34.376471 
-11.076923 -76.946746 51.041420 
36.558659 -17.385475 66.536313 
22.969697 -6.161616 -4.323232 
18.642857 -29.833333 9.976190 
33.699482 -43.875648 67.595855 
-47.135802 37.876543 -11.555556 
32.610169 20.711864 -40.915254 
38.116279 -63.860465 -54.697674 
-60.121212 -27.806061 39.915152 
-10.509091 45.527273 11.072727 
33.321101 -49.541284 43.064220 
-12.292683 13.209756 4.517073 
-19.663551 -74.953271 -7.831776 
-13.219512 -8.780488 73.829268 
-35.428571 -77.476190 -43.095238 
23.088083 -3.005181 51.098446 
34.835979 21.058201 1.640212 
38.865385 -21.346154 44.173077 
-32.000000 -61.732484 -57.847134 
62.337662 -46.207792 -16.545455 
-14.137931 -67.672414 25.724138 
37.645833 -81.437500 30.500000 
-56.135593 -13.728814 -35.830508 
-36.118812 -6.198020 12.277228 
1.581921 -13.491525 7.762712 
26.246809 -60.782979 -29.948936 
49.656566 -31.030303 -2.121212 
-12.883117 -36.103896 51.281385 
54.823529 -11.563025 -36.756303 
-46.473684 23.973684 36.657895 
46.111111 27.555556 38.066667 
-28.727273 21.856459 48.660287 
15.195266 -98.934911 13.076923 
-40.129870 -21.766234 -26.441558 
14.337349 48.409639 43.710843 
-13.763975 -78.732919 -47.863354 
-0.598131 -41.738318 28.411215 
-35.495495 -9.837838 -42.468468 
-38.625000 -23.312500 43.375000 
33.591837 -88.142857 9.387755 
-9.112782 41.353383 -27.924812 
-32.425121 40.135266 29.323671 
-47.956044 1.032967 49.802198 
23.475410 3.540984 -46.360656 
0.913242 6.812785 36.246575 
9.325714 61.234286 25.680000 
41.460870 -1.634783 -46.000000 
-17.000000 -58.478261 1.565217 
-29.434783 -95.043478 -1.152174 
48.750000 0.625000 50.775000 
-9.372093 -98.023256 -10.186047 
-27.410138 -2.304147 55.271889 
32.151899 57.721519 -13.392405 
-16.708571 59.382857 26.891429 
53.577143 -64.754286 33.314286 
15.088889 -16.066667 73.688889 
-46.957746 -50.084507 -45.943662 
-33.318182 -48.545455 65.977273 
32.259740 -82.753247 -36.441558 
16.412903 -74.812903 -50.903226 
64.090909 -52.340909 8.386364 
-0.645833 -17.333333 33.958333 
-22.367347 -42.639456 -51.496599 
-62.323353 -54.347305 10.646707 
49.806452 12.309677 -31.496774 
-47.246377 6.144928 -38.231884 
13.359477 30.640523 57.738562 
-17.413043 -29.630435 9.500000 
-58.185792 -6.032787 28.775956 
41.048780 51.000000 4.536585 
-33.818182 54.609626 7.903743 
62.212291 -7.418994 7.184358 
18.359551 -11.393258 -24.516854 
20.285714 -73.314286 -10.228571 
1.142857 27.566502 22.059113 
0.419214 -53.851528 -39.973799 
-64.835443 -22.810127 -15.113924 
57.204819 -23.951807 50.144578 
-33.989950 21.487437 2.944724 
14.972973 -5.945946 20.675676 
-48.754286 -72.731429 29.588571 
-25.829268 35.341463 -16.048780 
59.217877 -1.407821 29.731844 
-1.482353 1.294118 -11.764706 
-31.288462 -86.384615 24.134615 
36.378698 -17.112426 -32.035503 
-12.335329 67.377246 5.904192 
49.348837 -73.534884 8.558140 
0.574359 -48.328205 7.169231 
63.524752 -24.079208 25.801980 
-29.743017 -23.843575 68.256983 
41.491525 -5.875706 -12.983051 
-10.750000 31.777778 57.194444 
16.608187 -61.520468 66.140351 
-53.846154 -59.846154 -10.173077 
40.000000 -84.818182 -13.068182 
9.440000 68.106667 0.000000 
-43.276836 -16.338983 -5.548023 
-0.579186 -62.986425 -18.923077 
14.330097 -87.553398 34.407767 
-0.976959 36.073733 -8.838710 
-11.720930 12.255814 66.139535 
51.802469 -46.148148 55.407407 
31.922705 48.425121 26.657005 
31.046358 -39.523179 -44.649007 
-29.280702 -42.982456 -11.035088 
-8.222222 -59.777778 -56.416667 
-0.800000 -56.069565 45.582609 
53.571429 12.023810 -5.380952 
-59.218935 -49.207101 32.769231 
-56.531915 1.617021 2.723404 
-15.151515 -86.400000 -28.739394 
-2.588235 -41.737557 -21.945701 
-2.540984 -9.901639 54.540984 
38.764045 -68.404494 52.044944 
45.268817 -52.408602 17.870968 
42.933333 -41.844444 -23.222222 
17.949367 -54.379747 -56.683544 
-12.897959 -45.469388 74.353741 
-50.325581 -53.465116 52.093023 
-19.260116 -12.947977 -27.156069 
-43.340426 13.702128 -18.936170 
14.174497 -30.577181 -38.080537 
24.301508 29.125628 39.145729 
-46.624339 -79.153439 5.026455 
-48.636943 -25.197452 59.171975 
38.558140 9.581395 30.255814 
-0.948837 -22.790698 -10.818605 
-37.600000 7.314286 30.000000 
-41.087379 -31.631068 17.864078 
2.418079 19.864407 -24.531073 
-32.612440 -50.449761 42.038278 
-53.488372 18.813953 13.930233 
-10.598870 -99.932203 13.254237 
26.822086 34.723926 -16.404908 
26.427586 62.620690 9.531034 
-26.933333 -60.764444 -29.253333 
25.468750 -36.828125 -12.281250 
41.752577 -25.587629 18.494845 
-4.717241 -28.331034 72.675862 
49.928205 -63.220513 -10.430769 
-42.717391 -57.195652 16.260870 
-53.450292 -41.239766 -25.111111 
-38.913295 -81.872832 -17.283237 
50.314050 -49.190083 -43.123967 
-34.183784 -73.535135 49.027027 
15.087719 -75.064327 53.087719 
27.480226 10.576271 -24.463277 
9.930348 -85.194030 -30.318408 
-58.995169 -38.318841 -4.048309 
-9.660377 61.408805 -16.415094 
12.257426 45.247525 7.465347 
55.825000 17.150000 16.700000 
